replayTaskStats DFF configure {0.32 0.02 0.02 0.04 1 0.447566986084 engnx03a.utdallas.edu 1701391168.72 1701391169.17 1}
replayTaskStats DFF initialization__ACQ_7 {0.1 0.01 6.42 0.8 1 7.29100704193 engnx03a.utdallas.edu 1701391170.55 1701391177.84 1 0.0781469345093 7.20949602127 0.00456213951111 0.00494313240051 0.00165605545044 7.06474709511 0.0 0.0 0.0 0.0 0.0 0.0 0.0 0.0}
replayTaskStats DFF initialization__ACQ_6 {0.04 0.01 6.27 0.69 1 6.9630959034 engnx03a.utdallas.edu 1701391177.84 1701391184.81 1 0.0276238918304 6.93305778503 0.00418710708618 0.00397896766663 0.00171208381653 6.91173195839 0.0 0.0 0.0 0.0 0.0 0.0 0.0 0.0}
replayTaskStats DFF initialization__ACQ_4 {0.04 0.0 6.35 0.76 1 7.11840391159 engnx03a.utdallas.edu 1701391184.81 1701391191.93 1 0.0263960361481 7.08944797516 0.00385284423828 0.00426506996155 0.00144410133362 7.06757187843 0.0 0.0 0.0 0.0 0.0 0.0 0.0 0.0}
replayTaskStats DFF initialization__ACQ_5 {0.07 0.01 6.25 0.75 1 7.02372598648 engnx03a.utdallas.edu 1701391191.93 1701391198.95 1 0.044792175293 6.97609496117 0.00463700294495 0.00477409362793 0.00190806388855 6.95073509216 0.0 0.0 0.0 0.0 0.0 0.0 0.0 0.0}
replayTaskStats DFF recover_hbm__R__hl__CLK__hl__ACQ_1 {0.07 0.01 11.8 0.9 1 12.852355957 engnx03a.utdallas.edu 1701391222.55 1701391235.41 1 0.0505540370941 12.7968971729 0.00215005874634 0.00606894493103 0.0021538734436 12.7665469646 0.0 0.0 0.0 0.0 0.0 0.0 0.0 0.0}
replayTaskStats DFF initialization__ACQ_1 {0.05 0.01 6.32 0.78 1 7.13571810722 engnx03a.utdallas.edu 1701391235.41 1701391242.54 1 0.0373589992523 7.09561681747 0.00376605987549 0.00455284118652 0.00181198120117 7.07074594498 0.0 0.0 0.0 0.0 0.0 0.0 0.0 0.0}
replayTaskStats DFF initialization__ACQ_2 {0.04 0.01 6.41 0.78 1 7.19811701775 engnx03a.utdallas.edu 1701391242.54 1701391249.74 1 0.0302679538727 7.16537594795 0.00400304794312 0.00469183921814 0.00159215927124 7.14270305634 0.0 0.0 0.0 0.0 0.0 0.0 0.0 0.0}
replayTaskStats DFF initialization__ACQ_3 {0.05 0.0 6.24 0.77 1 7.02128386497 engnx03a.utdallas.edu 1701391249.74 1701391256.76 1 0.0293531417847 6.98925995827 0.0039849281311 0.0042929649353 0.00165104866028 6.96707415581 0.0 0.0 0.0 0.0 0.0 0.0 0.0 0.0}
replayTaskStats DFF setup_hbm__D__lh__CLK__hl__ACQ_1 {0.06 0.01 11.7 0.93 1 12.7112629414 engnx03a.utdallas.edu 1701391256.76 1701391269.48 1 0.0431768894196 12.6654908657 0.00201487541199 0.00582504272461 0.00188708305359 12.6360609531 0.0 0.0 0.0 0.0 0.0 0.0 0.0 0.0}
replayTaskStats DFF setup_hbm__D__hl__CLK__hl__ACQ_1 {0.06 0.01 11.43 0.89 1 12.3865220547 engnx03a.utdallas.edu 1701391269.48 1701391281.86 1 0.0419938564301 12.3418939114 0.00185608863831 0.00408983230591 0.00164794921875 12.2809770107 0.0 0.0 0.0 0.0 0.0 0.0 0.0 0.0}
replayTaskStats DFF ncmpw_hbm__CLK__lh__CLK__hl__ACQ_1 {0.05 0.01 7.17 0.78 1 7.98181390762 engnx03a.utdallas.edu 1701391281.86 1701391289.85 1 0.0349190235138 7.94437122345 0.00244688987732 0.00415086746216 0.00142598152161 7.92127513885 0.0 0.0 0.0 0.0 0.0 0.0 0.0 0.0}
replayTaskStats DFF cmpw_hbm__CLK__hl__CLK__lh__ACQ_1 {0.06 0.0 6.69 0.8 1 7.54490303993 engnx03a.utdallas.edu 1701391313.38 1701391320.92 1 0.0494480133057 7.48852396011 0.00311493873596 0.0052330493927 0.00136303901672 7.45058488846 0.0 0.0 0.0 0.0 0.0 0.0 0.0 0.0}
replayTaskStats DFF hold_hbm__D__hl__CLK__hl__ACQ_1 {0.06 0.01 11.23 0.89 1 12.1700389385 engnx03a.utdallas.edu 1701391320.92 1701391333.09 1 0.0418930053711 12.1255950928 0.00197982788086 0.0129060745239 0.00175714492798 12.0927090645 0.0 0.0 0.0 0.0 0.0 0.0 0.0 0.0}
replayTaskStats DFF cmpw_hbm__R__lh__R__hl__ACQ_1 {0.05 0.01 6.83 0.83 1 7.66549682617 engnx03a.utdallas.edu 1701391333.09 1701391340.76 1 0.0360128879547 7.62677788734 0.00202989578247 0.00456714630127 0.00132298469543 7.60381698608 0.0 0.0 0.0 0.0 0.0 0.0 0.0 0.0}
replayTaskStats DFF hold_hbm__D__lh__CLK__hl__ACQ_1 {0.06 0.0 11.2 0.88 1 12.1210329533 engnx03a.utdallas.edu 1701391340.76 1701391352.88 1 0.0422909259796 12.0761890411 0.00241112709045 0.00486588478088 0.00174498558044 12.0492200851 0.0 0.0 0.0 0.0 0.0 0.0 0.0 0.0}
replayTaskStats DFF delay__CLK__hl__Q__lh__ACQ_1 {0.06 0.01 7.33 0.81 1 8.22624897957 engnx03a.utdallas.edu 1701391352.88 1701391361.11 1 0.040559053421 8.1823220253 0.0025520324707 0.0103330612183 0.000747919082642 8.14906001091 0.0 0.0 0.0 0.0 0.0 0.0 0.0 0.0}
replayTaskStats DFF delay__R__lh__Q__hl__ACQ_1 {0.06 0.0 7.34 0.75 1 8.11623382568 engnx03a.utdallas.edu 1701391361.11 1701391369.22 1 0.0455241203308 8.06817793846 0.00192904472351 0.00979995727539 0.000621795654297 8.0381321907 0.0 0.0 0.0 0.0 0.0 0.0 0.0 0.0}
replayTaskStats DFF delay__CLK__hl__Q__hl__ACQ_1 {0.06 0.01 7.51 0.77 1 8.3023018837 engnx03a.utdallas.edu 1701391369.22 1701391377.53 1 0.0436079502106 8.25425815582 0.00197005271912 0.00584101676941 0.00065803527832 8.22784900665 0.0 0.0 0.0 0.0 0.0 0.0 0.0 0.0}
replayTaskStats DFF leakage_power__ACQ_1 {0.55 0.09 67.61 7.67 1 75.6274139881 engnx03a.utdallas.edu 1701391377.53 1701391453.15 1 0.0377688407898 7.9507958889 0.00215911865234 0.00535297393799 0.00175404548645 74.9588890076 0.0 0.0 0.0 0.0 0.0 0.0 0.0 0.0}
replayTaskStats DFF leakage_power__ACQ_1 {0.55 0.09 67.61 7.67 1 75.6279129982 engnx03a.utdallas.edu 1701391377.53 1701391453.15 1 0.0377688407898 7.9507958889 0.00215911865234 0.00535297393799 0.00175404548645 74.9588890076 0.0 0.0 0.0 0.0 0.0 0.0 0.0 0.0}
replayTaskStats DFF leakage_power__ACQ_1 {0.55 0.09 67.61 7.67 1 75.6284430027 engnx03a.utdallas.edu 1701391377.53 1701391453.15 1 0.0377688407898 7.9507958889 0.00215911865234 0.00535297393799 0.00175404548645 74.9588890076 0.0 0.0 0.0 0.0 0.0 0.0 0.0 0.0}
replayTaskStats DFF leakage_power__ACQ_1 {0.55 0.09 67.61 7.67 1 75.6289439201 engnx03a.utdallas.edu 1701391377.53 1701391453.16 1 0.0377688407898 7.9507958889 0.00215911865234 0.00535297393799 0.00175404548645 74.9588890076 0.0 0.0 0.0 0.0 0.0 0.0 0.0 0.0}
replayTaskStats DFF leakage_power__ACQ_1 {0.55 0.09 67.61 7.67 1 75.6294510365 engnx03a.utdallas.edu 1701391377.53 1701391453.16 1 0.0377688407898 7.9507958889 0.00215911865234 0.00535297393799 0.00175404548645 74.9588890076 0.0 0.0 0.0 0.0 0.0 0.0 0.0 0.0}
replayTaskStats DFF leakage_power__ACQ_1 {0.55 0.09 67.61 7.67 1 75.6299288273 engnx03a.utdallas.edu 1701391377.53 1701391453.16 1 0.0377688407898 7.9507958889 0.00215911865234 0.00535297393799 0.00175404548645 74.9588890076 0.0 0.0 0.0 0.0 0.0 0.0 0.0 0.0}
replayTaskStats DFF leakage_power__ACQ_1 {0.56 0.09 67.61 7.67 1 75.6304059029 engnx03a.utdallas.edu 1701391377.53 1701391453.16 1 0.0377688407898 7.9507958889 0.00215911865234 0.00535297393799 0.00175404548645 74.9588890076 0.0 0.0 0.0 0.0 0.0 0.0 0.0 0.0}
replayTaskStats DFF leakage_power__ACQ_1 {0.56 0.09 67.61 7.67 1 75.6309268475 engnx03a.utdallas.edu 1701391377.53 1701391453.16 1 0.0377688407898 7.9507958889 0.00215911865234 0.00535297393799 0.00175404548645 74.9588890076 0.0 0.0 0.0 0.0 0.0 0.0 0.0 0.0}
replayTaskStats DFF leakage_power__ACQ_1 {0.56 0.09 67.61 7.67 1 75.6314179897 engnx03a.utdallas.edu 1701391377.53 1701391453.16 1 0.0377688407898 7.9507958889 0.00215911865234 0.00535297393799 0.00175404548645 74.9588890076 0.0 0.0 0.0 0.0 0.0 0.0 0.0 0.0}
replayTaskStats DFF leakage_power__ACQ_1 {0.56 0.09 67.61 7.67 1 75.6318838596 engnx03a.utdallas.edu 1701391377.53 1701391453.16 1 0.0377688407898 7.9507958889 0.00215911865234 0.00535297393799 0.00175404548645 74.9588890076 0.0 0.0 0.0 0.0 0.0 0.0 0.0 0.0}
replayTaskStats DFF Cin__D__hl__ACQ_1 {0.05 0.01 6.22 0.76 1 6.99134588242 engnx03a.utdallas.edu 1701391453.16 1701391460.15 1 0.034786939621 6.95387411118 0.00182700157166 0.00442290306091 0.000638961791992 6.93453598022 0.0 0.0 0.0 0.0 0.0 0.0 0.0 0.0}
replayTaskStats DFF Cin__D__lh__ACQ_1 {0.04 0.0 5.94 0.73 1 6.66985797882 engnx03a.utdallas.edu 1701391460.15 1701391466.82 1 0.0335919857025 6.63360595703 0.0019199848175 0.00571179389954 0.000788927078247 6.61300206184 0.0 0.0 0.0 0.0 0.0 0.0 0.0 0.0}
replayTaskStats DFF Cin__VSS__hl__ACQ_1 {0.05 0.02 6.39 0.73 1 7.13419604301 engnx03a.utdallas.edu 1701391466.82 1701391473.96 1 0.034784078598 7.09686207771 0.00202894210815 0.00446319580078 0.000711917877197 7.07516789436 0.0 0.0 0.0 0.0 0.0 0.0 0.0 0.0}
replayTaskStats DFF Cin__VSS__lh__ACQ_1 {0.05 0.0 6.22 0.75 1 6.97934007645 engnx03a.utdallas.edu 1701391473.96 1701391480.94 1 0.0324130058289 6.94423699379 0.00220608711243 0.00462818145752 0.00076699256897 6.92444896698 0.0 0.0 0.0 0.0 0.0 0.0 0.0 0.0}
replayTaskStats DFF Cin__CLK__lh__ACQ_1 {0.05 0.01 6.31 0.82 1 7.1562640667 engnx03a.utdallas.edu 1701391480.94 1701391488.09 1 0.0353419780731 7.11834311485 0.00592088699341 0.0347280502319 0.000746011734009 7.06457591057 0.0 0.0 0.0 0.0 0.0 0.0 0.0 0.0}
replayTaskStats DFF Cin__VDD__hl__ACQ_1 {0.05 0.01 6.1 0.74 1 6.91696691513 engnx03a.utdallas.edu 1701391488.09 1701391495.01 1 0.0508460998535 6.86108994484 0.00184202194214 0.00395894050598 0.000668048858643 6.83972382545 0.0 0.0 0.0 0.0 0.0 0.0 0.0 0.0}
replayTaskStats DFF Cin__VDD__lh__ACQ_1 {0.05 0.01 6.22 0.71 1 6.94660496712 engnx03a.utdallas.edu 1701391495.01 1701391501.96 1 0.0349311828613 6.90783405304 0.00229692459106 0.00413584709167 0.00068187713623 6.88838195801 0.0 0.0 0.0 0.0 0.0 0.0 0.0 0.0}
replayTaskStats DFF Cin__R__hl__ACQ_1 {0.06 0.01 6.3 0.82 1 7.15431499481 engnx03a.utdallas.edu 1701391501.96 1701391509.11 1 0.0444278717041 7.1064209938 0.00268006324768 0.00445103645325 0.000890970230103 7.0830309391 0.0 0.0 0.0 0.0 0.0 0.0 0.0 0.0}
replayTaskStats DFF modeling {0.26 0.02 0.0 0.0 1 0.356388807297 engnx03a.utdallas.edu 1701391519.99 1701391520.34 1}
