replayTaskStats NAND configure {0.1 0.0 0.0 0.0 1 0.12553691864 engnx03a.utdallas.edu 1701390694.16 1701390694.29 1}
replayTaskStats NAND delay__IN1__lh__OUT__hl__ACQ_1 {0.12 0.01 6.35 0.8 1 7.30616593361 engnx03a.utdallas.edu 1701390695.4 1701390702.71 1 0.0882349014282 7.21459889412 0.00236392021179 0.0062689781189 0.00083589553833 7.06027722359 0.0 0.0 0.0 0.0 0.0 0.0 0.0 0.0}
replayTaskStats NAND delay__IN1__hl__OUT__lh__ACQ_1 {0.06 0.01 6.22 0.74 1 6.96459197998 engnx03a.utdallas.edu 1701390702.71 1701390709.67 1 0.0348739624023 6.92699480057 0.00214195251465 0.00584697723389 0.00068187713623 6.90261006355 0.0 0.0 0.0 0.0 0.0 0.0 0.0 0.0}
replayTaskStats NAND delay__IN2__lh__OUT__hl__ACQ_1 {0.05 0.0 6.11 0.75 1 6.92815089226 engnx03a.utdallas.edu 1701390709.67 1701390716.6 1 0.0351238250732 6.89016795158 0.00207805633545 0.00562405586243 0.000632047653198 6.86646294594 0.0 0.0 0.0 0.0 0.0 0.0 0.0 0.0}
replayTaskStats NAND delay__IN2__hl__OUT__lh__ACQ_1 {0.05 0.01 6.3 0.72 1 7.03985500336 engnx03a.utdallas.edu 1701390716.6 1701390723.64 1 0.0364301204681 7.00086784363 0.00195097923279 0.00573587417603 0.000647068023682 6.97624611855 0.0 0.0 0.0 0.0 0.0 0.0 0.0 0.0}
replayTaskStats NAND leakage_power__ACQ_1 {0.06 0.01 6.13 0.78 1 6.92523002625 engnx03a.utdallas.edu 1701390723.64 1701390730.57 1 0.0415389537811 6.88055896759 0.00346708297729 0.00418710708618 0.00203895568848 6.85876011848 0.0 0.0 0.0 0.0 0.0 0.0 0.0 0.0}
replayTaskStats NAND Cin__VSS__lh__ACQ_1 {0.05 0.01 6.26 0.77 1 7.03646302223 engnx03a.utdallas.edu 1701390730.57 1701390737.6 1 0.0337200164795 7.00002813339 0.00214505195618 0.00478100776672 0.000736951828003 6.98002696037 0.0 0.0 0.0 0.0 0.0 0.0 0.0 0.0}
replayTaskStats NAND Cin__VSS__hl__ACQ_1 {0.04 0.0 6.13 0.77 1 6.91017699242 engnx03a.utdallas.edu 1701390737.61 1701390744.52 1 0.0300810337067 6.87741613388 0.00192213058472 0.00447607040405 0.000737905502319 6.85754299164 0.0 0.0 0.0 0.0 0.0 0.0 0.0 0.0}
replayTaskStats NAND Cin__VDD__lh__ACQ_1 {0.04 0.01 6.29 0.74 1 7.07126402855 engnx03a.utdallas.edu 1701390744.52 1701390751.59 1 0.0287699699402 7.03986310959 0.00202798843384 0.0219910144806 0.000653028488159 7.0036611557 0.0 0.0 0.0 0.0 0.0 0.0 0.0 0.0}
replayTaskStats NAND Cin__VDD__hl__ACQ_1 {0.05 0.01 6.3 0.78 1 7.12076115608 engnx03a.utdallas.edu 1701390751.59 1701390758.71 1 0.0373179912567 7.07859897614 0.00233387947083 0.00423192977905 0.000658988952637 7.05947208405 0.0 0.0 0.0 0.0 0.0 0.0 0.0 0.0}
replayTaskStats NAND modeling {0.17 0.0 0.0 0.0 1 0.177186012268 engnx03a.utdallas.edu 1701390774.69 1701390774.86 1}
