replayTaskStats OR configure {0.1 0.01 0.0 0.0 1 0.125210046768 engnx03a.utdallas.edu 1701390860.04 1701390860.16 1}
replayTaskStats OR delay__IN1__lh__OUT__lh__ACQ_1 {0.11 0.01 6.35 0.83 1 7.26998090744 engnx03a.utdallas.edu 1701390861.3 1701390868.57 1 0.0797209739685 7.1868751049 0.00235605239868 0.0107941627502 0.0010290145874 7.02712011337 0.0 0.0 0.0 0.0 0.0 0.0 0.0 0.0}
replayTaskStats OR delay__IN1__hl__OUT__hl__ACQ_1 {0.06 0.01 6.35 0.77 1 7.13739585876 engnx03a.utdallas.edu 1701390868.57 1701390875.7 1 0.0379319190979 7.09663391113 0.00227212905884 0.00636601448059 0.00074291229248 7.07035088539 0.0 0.0 0.0 0.0 0.0 0.0 0.0 0.0}
replayTaskStats OR delay__IN2__lh__OUT__lh__ACQ_1 {0.06 0.0 6.27 0.76 1 7.05135202408 engnx03a.utdallas.edu 1701390875.7 1701390882.76 1 0.0370061397552 7.01167678833 0.00193190574646 0.00669407844543 0.000716924667358 6.98569488525 0.0 0.0 0.0 0.0 0.0 0.0 0.0 0.0}
replayTaskStats OR delay__IN2__hl__OUT__hl__ACQ_1 {0.06 0.02 6.57 0.79 1 7.39927482605 engnx03a.utdallas.edu 1701390882.76 1701390890.16 1 0.0490069389343 7.34743499756 0.00422310829163 0.00607490539551 0.000715017318726 7.31711816788 0.0 0.0 0.0 0.0 0.0 0.0 0.0 0.0}
replayTaskStats OR leakage_power__ACQ_1 {0.06 0.01 6.23 0.72 1 6.98198485374 engnx03a.utdallas.edu 1701390890.16 1701390897.14 1 0.0486929416656 6.92592906952 0.00236201286316 0.00520014762878 0.00222992897034 6.90264797211 0.0 0.0 0.0 0.0 0.0 0.0 0.0 0.0}
replayTaskStats OR Cin__VSS__lh__ACQ_1 {0.05 0.01 6.33 0.82 1 7.22421193123 engnx03a.utdallas.edu 1701390897.14 1701390904.36 1 0.0318901538849 7.18969798088 0.00210094451904 0.0048840045929 0.000663995742798 7.17051506042 0.0 0.0 0.0 0.0 0.0 0.0 0.0 0.0}
replayTaskStats OR Cin__VSS__hl__ACQ_1 {0.04 0.01 6.22 0.77 1 7.06709194183 engnx03a.utdallas.edu 1701390904.36 1701390911.43 1 0.0312020778656 7.03329801559 0.00217890739441 0.0426321029663 0.000678777694702 6.97583317757 0.0 0.0 0.0 0.0 0.0 0.0 0.0 0.0}
replayTaskStats OR Cin__VDD__lh__ACQ_1 {0.05 0.0 6.03 0.75 1 6.79223418236 engnx03a.utdallas.edu 1701390911.43 1701390918.22 1 0.0361070632935 6.75089406967 0.00281715393066 0.0045440196991 0.000879049301147 6.73019003868 0.0 0.0 0.0 0.0 0.0 0.0 0.0 0.0}
replayTaskStats OR Cin__VDD__hl__ACQ_1 {0.06 0.01 6.41 0.78 1 7.22392702103 engnx03a.utdallas.edu 1701390918.23 1701390925.45 1 0.0416569709778 7.17884898186 0.00260591506958 0.00459003448486 0.000861167907715 7.15545606613 0.0 0.0 0.0 0.0 0.0 0.0 0.0 0.0}
replayTaskStats OR modeling {0.15 0.01 0.0 0.0 1 0.207776069641 engnx03a.utdallas.edu 1701390940.6 1701390940.8 1}
