replayTaskStats XNOR configure {0.16 0.01 0.0 0.0 1 0.189218997955 engnx03a.utdallas.edu 1701391056.25 1701391056.44 1}
replayTaskStats XNOR delay__IN1__hl__OUT__hl__ACQ_1 {0.12 0.01 6.57 0.8 1 7.48203206062 engnx03a.utdallas.edu 1701391057.92 1701391065.4 1 0.112149953842 7.36646699905 0.00216794013977 0.00625586509705 0.000869989395142 7.21155190468 0.0 0.0 0.0 0.0 0.0 0.0 0.0 0.0}
replayTaskStats XNOR delay__IN1__hl__OUT__lh__ACQ_1 {0.05 0.01 6.44 0.76 1 7.21806883812 engnx03a.utdallas.edu 1701391065.4 1701391072.62 1 0.0372829437256 7.1783118248 0.00202083587646 0.00553202629089 0.000648975372314 7.15411305428 0.0 0.0 0.0 0.0 0.0 0.0 0.0 0.0}
replayTaskStats XNOR delay__IN1__lh__OUT__hl__ACQ_1 {0.05 0.01 6.4 0.74 1 7.15055394173 engnx03a.utdallas.edu 1701391072.62 1701391079.77 1 0.0336511135101 7.11439609528 0.00196099281311 0.00579905509949 0.000669002532959 7.09018492699 0.0 0.0 0.0 0.0 0.0 0.0 0.0 0.0}
replayTaskStats XNOR delay__IN1__lh__OUT__lh__ACQ_1 {0.06 0.01 6.72 0.79 1 7.5817091465 engnx03a.utdallas.edu 1701391079.77 1701391087.35 1 0.0443542003632 7.53460597992 0.00454711914062 0.024090051651 0.000741958618164 7.48324513435 0.0 0.0 0.0 0.0 0.0 0.0 0.0 0.0}
replayTaskStats XNOR delay__IN2__hl__OUT__hl__ACQ_1 {0.08 0.02 6.49 0.78 1 7.40298604965 engnx03a.utdallas.edu 1701391087.35 1701391094.75 1 0.0821928977966 7.31378388405 0.00229406356812 0.00631618499756 0.000688791275024 7.28538608551 0.0 0.0 0.0 0.0 0.0 0.0 0.0 0.0}
replayTaskStats XNOR delay__IN2__hl__OUT__lh__ACQ_1 {0.06 0.01 6.42 0.79 1 7.24046993256 engnx03a.utdallas.edu 1701391094.76 1701391102.0 1 0.0359468460083 7.20186185837 0.0019268989563 0.0268650054932 0.000670909881592 7.15606594086 0.0 0.0 0.0 0.0 0.0 0.0 0.0 0.0}
replayTaskStats XNOR delay__IN2__lh__OUT__hl__ACQ_1 {0.05 0.0 6.27 0.79 1 7.11370706558 engnx03a.utdallas.edu 1701391102.0 1701391109.11 1 0.0418701171875 7.06741404533 0.00188803672791 0.0495660305023 0.000643014907837 6.99937009811 0.0 0.0 0.0 0.0 0.0 0.0 0.0 0.0}
replayTaskStats XNOR leakage_power__ACQ_1 {0.04 0.01 6.12 0.81 1 6.91980910301 engnx03a.utdallas.edu 1701391116.34 1701391123.26 1 0.0268211364746 6.8900270462 0.00248193740845 0.00536608695984 0.00208592414856 6.86767220497 0.0 0.0 0.0 0.0 0.0 0.0 0.0 0.0}
replayTaskStats XNOR delay__IN2__lh__OUT__lh__ACQ_1 {0.06 0.01 6.41 0.79 1 7.22427010536 engnx03a.utdallas.edu 1701391109.11 1701391116.33 1 0.0331959724426 7.1883430481 0.00193119049072 0.00574398040771 0.000661849975586 7.16402792931 0.0 0.0 0.0 0.0 0.0 0.0 0.0 0.0}
replayTaskStats XNOR Cin__VSS__hl__ACQ_1 {0.04 0.0 6.19 0.78 1 6.97816610336 engnx03a.utdallas.edu 1701391123.26 1701391130.24 1 0.0341160297394 6.94060707092 0.00243711471558 0.00397109985352 0.000685930252075 6.92209601402 0.0 0.0 0.0 0.0 0.0 0.0 0.0 0.0}
replayTaskStats XNOR Cin__VSS__lh__ACQ_1 {0.05 0.01 6.19 0.81 1 7.01308989525 engnx03a.utdallas.edu 1701391130.24 1701391137.25 1 0.0299789905548 6.98050403595 0.00207901000977 0.00503087043762 0.000694990158081 6.96076393127 0.0 0.0 0.0 0.0 0.0 0.0 0.0 0.0}
replayTaskStats XNOR Cin__VDD__hl__ACQ_1 {0.04 0.01 6.21 0.79 1 6.99984097481 engnx03a.utdallas.edu 1701391137.25 1701391144.25 1 0.0289540290833 6.96841192245 0.00190901756287 0.00426697731018 0.000635862350464 6.95027089119 0.0 0.0 0.0 0.0 0.0 0.0 0.0 0.0}
replayTaskStats XNOR Cin__VDD__lh__ACQ_1 {0.05 0.0 6.25 0.77 1 7.02873802185 engnx03a.utdallas.edu 1701391144.25 1701391151.28 1 0.0345389842987 6.99136400223 0.00194501876831 0.00474905967712 0.000673055648804 6.97033596039 0.0 0.0 0.0 0.0 0.0 0.0 0.0 0.0}
replayTaskStats XNOR modeling {0.21 0.01 0.0 0.0 1 0.23570895195 engnx03a.utdallas.edu 1701391166.09 1701391166.32 1}
