replayTaskStats AOI22 configure {0.17 0.0 0.0 0.0 1 0.202125072479 engnx03a.utdallas.edu 1701390518.26 1701390518.46 1}
replayTaskStats AOI22 delay__IN1__hl__OUT__lh__ACQ_1 {0.12 0.02 6.28 0.82 1 7.2410569191 engnx03a.utdallas.edu 1701390519.52 1701390526.76 1 0.0975930690765 7.14005708694 0.00221610069275 0.00617694854736 0.000837087631226 6.99165987968 0.0 0.0 0.0 0.0 0.0 0.0 0.0 0.0}
replayTaskStats AOI22 delay__IN1__lh__OUT__hl__ACQ_1 {0.07 0.0 6.38 0.75 1 7.15515995026 engnx03a.utdallas.edu 1701390526.76 1701390533.91 1 0.0401499271393 7.11242389679 0.00200700759888 0.00565719604492 0.000670194625854 7.08784008026 0.0 0.0 0.0 0.0 0.0 0.0 0.0 0.0}
replayTaskStats AOI22 delay__IN2__hl__OUT__lh__ACQ_1 {0.07 0.01 6.37 0.77 1 7.17354989052 engnx03a.utdallas.edu 1701390533.91 1701390541.09 1 0.0563151836395 7.11434292793 0.00194501876831 0.00712013244629 0.000841856002808 7.08685421944 0.0 0.0 0.0 0.0 0.0 0.0 0.0 0.0}
replayTaskStats AOI22 delay__IN2__lh__OUT__hl__ACQ_1 {0.06 0.01 6.28 0.73 1 7.01155209541 engnx03a.utdallas.edu 1701390541.09 1701390548.1 1 0.0413429737091 6.96760988235 0.00189089775085 0.00604701042175 0.000623941421509 6.94266295433 0.0 0.0 0.0 0.0 0.0 0.0 0.0 0.0}
replayTaskStats AOI22 delay__IN3__hl__OUT__lh__ACQ_1 {0.06 0.01 6.54 0.84 1 7.40674495697 engnx03a.utdallas.edu 1701390548.1 1701390555.51 1 0.0406239032745 7.36347317696 0.00208401679993 0.00551319122314 0.000631093978882 7.3386349678 0.0 0.0 0.0 0.0 0.0 0.0 0.0 0.0}
replayTaskStats AOI22 delay__IN3__lh__OUT__hl__ACQ_1 {0.06 0.0 6.26 0.75 1 7.02912306786 engnx03a.utdallas.edu 1701390555.51 1701390562.54 1 0.0401239395142 6.98654198647 0.00187611579895 0.00607514381409 0.000637054443359 6.96199703217 0.0 0.0 0.0 0.0 0.0 0.0 0.0 0.0}
replayTaskStats AOI22 delay__IN4__hl__OUT__lh__ACQ_1 {0.06 0.01 6.36 0.78 1 7.15560603142 engnx03a.utdallas.edu 1701390562.54 1701390569.69 1 0.0420188903809 7.11089396477 0.00195908546448 0.00582885742188 0.000708103179932 7.08519816399 0.0 0.0 0.0 0.0 0.0 0.0 0.0 0.0}
replayTaskStats AOI22 delay__IN4__lh__OUT__hl__ACQ_1 {0.07 0.0 6.19 0.75 1 6.96830201149 engnx03a.utdallas.edu 1701390569.69 1701390576.66 1 0.0413219928741 6.9243748188 0.00199103355408 0.00584888458252 0.000706195831299 6.89818286896 0.0 0.0 0.0 0.0 0.0 0.0 0.0 0.0}
replayTaskStats AOI22 leakage_power__ACQ_1 {0.05 0.01 6.11 0.78 1 6.92293000221 engnx03a.utdallas.edu 1701390576.66 1701390583.59 1 0.0328071117401 6.88727402687 0.00211596488953 0.00434398651123 0.00290179252625 6.86516904831 0.0 0.0 0.0 0.0 0.0 0.0 0.0 0.0}
replayTaskStats AOI22 Cin__VSS__hl__ACQ_1 {0.05 0.01 6.07 0.77 1 6.89584684372 engnx03a.utdallas.edu 1701390583.59 1701390590.48 1 0.0404980182648 6.85247993469 0.00246095657349 0.00458788871765 0.000763177871704 6.8315680027 0.0 0.0 0.0 0.0 0.0 0.0 0.0 0.0}
replayTaskStats AOI22 Cin__VSS__lh__ACQ_1 {0.07 0.0 6.28 0.75 1 7.05683588982 engnx03a.utdallas.edu 1701390590.48 1701390597.54 1 0.0425329208374 7.01106595993 0.00277519226074 0.0046648979187 0.000935077667236 6.98785591125 0.0 0.0 0.0 0.0 0.0 0.0 0.0 0.0}
replayTaskStats AOI22 Cin__VDD__hl__ACQ_1 {0.06 0.01 6.15 0.81 1 6.99036216736 engnx03a.utdallas.edu 1701390597.54 1701390604.53 1 0.0486798286438 6.93863201141 0.00227117538452 0.00425100326538 0.000765085220337 6.91587805748 0.0 0.0 0.0 0.0 0.0 0.0 0.0 0.0}
replayTaskStats AOI22 Cin__VDD__lh__ACQ_1 {0.06 0.01 6.07 0.79 1 6.89950299263 engnx03a.utdallas.edu 1701390604.53 1701390611.43 1 0.0407638549805 6.85595393181 0.0020899772644 0.0161809921265 0.000727891921997 6.82375907898 0.0 0.0 0.0 0.0 0.0 0.0 0.0 0.0}
replayTaskStats AOI22 modeling {0.26 0.01 0.0 0.0 1 0.288962125778 engnx03a.utdallas.edu 1701390628.82 1701390629.11 1}
