replayTaskStats AOI21 configure {0.13 0.01 0.0 0.0 1 0.308495998383 engnx03a.utdallas.edu 1701390425.03 1701390425.34 1}
replayTaskStats AOI21 delay__IN3__lh__OUT__hl__ACQ_1 {0.12 0.02 6.33 0.77 1 7.20458006859 engnx03a.utdallas.edu 1701390426.5 1701390433.7 1 0.0842611789703 7.11713695526 0.00270891189575 0.00652694702148 0.000816106796265 6.97542619705 0.0 0.0 0.0 0.0 0.0 0.0 0.0 0.0}
replayTaskStats AOI21 delay__IN3__hl__OUT__lh__ACQ_1 {0.06 0.0 6.03 0.73 1 6.76803207397 engnx03a.utdallas.edu 1701390433.7 1701390440.47 1 0.0394449234009 6.72613406181 0.00188708305359 0.00515484809875 0.00063419342041 6.70242404938 0.0 0.0 0.0 0.0 0.0 0.0 0.0 0.0}
replayTaskStats AOI21 delay__IN1__lh__OUT__hl__ACQ_1 {0.06 0.01 6.4 0.77 1 7.17152190208 engnx03a.utdallas.edu 1701390440.47 1701390447.64 1 0.035943031311 7.133040905 0.00210499763489 0.00596499443054 0.000663995742798 7.10871601105 0.0 0.0 0.0 0.0 0.0 0.0 0.0 0.0}
replayTaskStats AOI21 delay__IN1__hl__OUT__lh__ACQ_1 {0.07 0.01 6.43 0.77 1 7.26139211655 engnx03a.utdallas.edu 1701390447.64 1701390454.91 1 0.052661895752 7.20493388176 0.00450015068054 0.0245537757874 0.000756025314331 7.15247297287 0.0 0.0 0.0 0.0 0.0 0.0 0.0 0.0}
replayTaskStats AOI21 delay__IN2__lh__OUT__hl__ACQ_1 {0.06 0.02 6.52 0.8 1 7.44660186768 engnx03a.utdallas.edu 1701390454.91 1701390462.35 1 0.0628249645233 7.37618088722 0.00252199172974 0.00587201118469 0.000763893127441 7.34589290619 0.0 0.0 0.0 0.0 0.0 0.0 0.0 0.0}
replayTaskStats AOI21 delay__IN2__hl__OUT__lh__ACQ_1 {0.07 0.01 6.34 0.79 1 7.17519402504 engnx03a.utdallas.edu 1701390462.35 1701390469.53 1 0.0398387908936 7.13269901276 0.00321507453918 0.00612092018127 0.000931978225708 7.10313010216 0.0 0.0 0.0 0.0 0.0 0.0 0.0 0.0}
replayTaskStats AOI21 leakage_power__ACQ_1 {0.05 0.0 6.15 0.73 1 6.91228508949 engnx03a.utdallas.edu 1701390469.53 1701390476.44 1 0.0334961414337 6.87590312958 0.00206804275513 0.00439882278442 0.00252389907837 6.85163402557 0.0 0.0 0.0 0.0 0.0 0.0 0.0 0.0}
replayTaskStats AOI21 Cin__VSS__lh__ACQ_1 {0.04 0.0 6.1 0.71 1 6.80840086937 engnx03a.utdallas.edu 1701390476.44 1701390483.25 1 0.0357639789581 6.77003788948 0.00260996818542 0.00435400009155 0.000745058059692 6.74963617325 0.0 0.0 0.0 0.0 0.0 0.0 0.0 0.0}
replayTaskStats AOI21 Cin__VSS__hl__ACQ_1 {0.05 0.01 6.13 0.73 1 6.88906788826 engnx03a.utdallas.edu 1701390483.25 1701390490.14 1 0.0325989723206 6.85385513306 0.00198984146118 0.0200130939484 0.000684976577759 6.81177592278 0.0 0.0 0.0 0.0 0.0 0.0 0.0 0.0}
replayTaskStats AOI21 Cin__VDD__lh__ACQ_1 {0.05 0.01 6.11 0.73 1 6.90300607681 engnx03a.utdallas.edu 1701390490.14 1701390497.04 1 0.0472528934479 6.84873199463 0.00216507911682 0.00415706634521 0.000638961791992 6.82835698128 0.0 0.0 0.0 0.0 0.0 0.0 0.0 0.0}
replayTaskStats AOI21 Cin__VDD__hl__ACQ_1 {0.04 0.01 6.19 0.76 1 6.95863819122 engnx03a.utdallas.edu 1701390497.04 1701390504.0 1 0.031553030014 6.92454099655 0.00200796127319 0.00422310829163 0.000626087188721 6.90644192696 0.0 0.0 0.0 0.0 0.0 0.0 0.0 0.0}
replayTaskStats AOI21 modeling {0.19 0.01 0.0 0.0 1 0.201276063919 engnx03a.utdallas.edu 1701390515.89 1701390516.09 1}
