replayTaskStats XOR configure {0.15 0.0 0.0 0.0 1 0.183479070663 engnx03a.utdallas.edu 1701390943.12 1701390943.3 1}
replayTaskStats XOR delay__IN1__hl__OUT__hl__ACQ_1 {0.13 0.01 6.65 0.87 1 7.62268090248 engnx03a.utdallas.edu 1701390944.45 1701390952.07 1 0.0919890403748 7.52563214302 0.00241804122925 0.00792908668518 0.000890016555786 7.34960007668 0.0 0.0 0.0 0.0 0.0 0.0 0.0 0.0}
replayTaskStats XOR delay__IN1__hl__OUT__lh__ACQ_1 {0.06 0.01 6.47 0.8 1 7.31465101242 engnx03a.utdallas.edu 1701390952.08 1701390959.39 1 0.0443699359894 7.26773190498 0.00192284584045 0.00589799880981 0.000702857971191 7.24100208282 0.0 0.0 0.0 0.0 0.0 0.0 0.0 0.0}
replayTaskStats XOR delay__IN1__lh__OUT__hl__ACQ_1 {0.06 0.01 6.66 0.76 1 7.49559593201 engnx03a.utdallas.edu 1701390959.39 1701390966.89 1 0.0358619689941 7.4570069313 0.00203204154968 0.0237970352173 0.000855922698975 7.41112303734 0.0 0.0 0.0 0.0 0.0 0.0 0.0 0.0}
replayTaskStats XOR delay__IN1__lh__OUT__lh__ACQ_1 {0.06 0.01 6.44 0.76 1 7.24258613586 engnx03a.utdallas.edu 1701390966.89 1701390974.13 1 0.0431580543518 7.19446492195 0.0020489692688 0.0251920223236 0.00070595741272 7.14952015877 0.0 0.0 0.0 0.0 0.0 0.0 0.0 0.0}
replayTaskStats XOR delay__IN2__hl__OUT__hl__ACQ_1 {0.07 0.01 6.67 0.78 1 7.49840116501 engnx03a.utdallas.edu 1701390974.13 1701390981.63 1 0.0575909614563 7.43798398972 0.0024631023407 0.00915694236755 0.000664949417114 7.40833997726 0.0 0.0 0.0 0.0 0.0 0.0 0.0 0.0}
replayTaskStats XOR delay__IN2__hl__OUT__lh__ACQ_1 {0.06 0.0 6.21 0.76 1 7.00773096085 engnx03a.utdallas.edu 1701390981.63 1701390988.64 1 0.0369470119476 6.96827411652 0.00197219848633 0.00640797615051 0.000757932662964 6.94182682037 0.0 0.0 0.0 0.0 0.0 0.0 0.0 0.0}
replayTaskStats XOR delay__IN2__lh__OUT__hl__ACQ_1 {0.06 0.01 6.44 0.78 1 7.23215389252 engnx03a.utdallas.edu 1701390988.64 1701390995.87 1 0.0400891304016 7.189494133 0.00205302238464 0.00585603713989 0.000729084014893 7.16382312775 0.0 0.0 0.0 0.0 0.0 0.0 0.0 0.0}
replayTaskStats XOR delay__IN2__lh__OUT__lh__ACQ_1 {0.06 0.01 6.35 0.8 1 7.17707681656 engnx03a.utdallas.edu 1701390995.87 1701391003.05 1 0.0384979248047 7.13594102859 0.0020740032196 0.00599503517151 0.000711917877197 7.10919094086 0.0 0.0 0.0 0.0 0.0 0.0 0.0 0.0}
replayTaskStats XOR leakage_power__ACQ_1 {0.04 0.0 6.1 0.73 1 6.81752705574 engnx03a.utdallas.edu 1701391003.05 1701391009.87 1 0.0253851413727 6.78915095329 0.00204086303711 0.00477695465088 0.00213408470154 6.76904201508 0.0 0.0 0.0 0.0 0.0 0.0 0.0 0.0}
replayTaskStats XOR Cin__VSS__hl__ACQ_1 {0.05 0.01 6.15 0.79 1 6.96771788597 engnx03a.utdallas.edu 1701391009.87 1701391016.83 1 0.0352020263672 6.92969083786 0.00231885910034 0.00415396690369 0.000691890716553 6.9097878933 0.0 0.0 0.0 0.0 0.0 0.0 0.0 0.0}
replayTaskStats XOR Cin__VSS__lh__ACQ_1 {0.04 0.01 6.12 0.75 1 6.88017892838 engnx03a.utdallas.edu 1701391016.84 1701391023.72 1 0.0281720161438 6.84931993484 0.00220608711243 0.00599813461304 0.000710010528564 6.82852196693 0.0 0.0 0.0 0.0 0.0 0.0 0.0 0.0}
replayTaskStats XOR Cin__VDD__hl__ACQ_1 {0.05 0.0 6.17 0.86 1 7.01734304428 engnx03a.utdallas.edu 1701391023.72 1701391030.73 1 0.0305209159851 6.98411107063 0.00205898284912 0.0045280456543 0.00074315071106 6.96484398842 0.0 0.0 0.0 0.0 0.0 0.0 0.0 0.0}
replayTaskStats XOR Cin__VDD__lh__ACQ_1 {0.04 0.01 6.08 0.73 1 6.82387900352 engnx03a.utdallas.edu 1701391030.73 1701391037.56 1 0.0308010578156 6.79043412209 0.00207710266113 0.00413608551025 0.00068211555481 6.77200388908 0.0 0.0 0.0 0.0 0.0 0.0 0.0 0.0}
replayTaskStats XOR modeling {0.2 0.0 0.0 0.0 1 0.293017864227 engnx03a.utdallas.edu 1701391053.73 1701391054.03 1}
