replayTaskStats AND configure {0.1 0.0 0.0 0.0 1 0.128258943558 engnx03a.utdallas.edu 1701390342.02 1701390342.15 1}
replayTaskStats AND delay__IN1__lh__OUT__lh__ACQ_1 {0.12 0.01 6.4 0.81 1 7.40128493309 engnx03a.utdallas.edu 1701390343.23 1701390350.63 1 0.089724779129 7.30832600594 0.00215888023376 0.00649118423462 0.000861167907715 7.14971399307 0.0 0.0 0.0 0.0 0.0 0.0 0.0 0.0}
replayTaskStats AND delay__IN1__hl__OUT__hl__ACQ_1 {0.05 0.01 6.23 0.78 1 7.0364511013 engnx03a.utdallas.edu 1701390350.64 1701390357.67 1 0.0365560054779 6.99726200104 0.00189995765686 0.0056049823761 0.000656127929688 6.97245192528 0.0 0.0 0.0 0.0 0.0 0.0 0.0 0.0}
replayTaskStats AND delay__IN2__lh__OUT__lh__ACQ_1 {0.06 0.01 6.28 0.73 1 7.07731103897 engnx03a.utdallas.edu 1701390357.67 1701390364.75 1 0.0407190322876 7.03342103958 0.00198793411255 0.0219430923462 0.000669002532959 6.99221396446 0.0 0.0 0.0 0.0 0.0 0.0 0.0 0.0}
replayTaskStats AND delay__IN2__hl__OUT__hl__ACQ_1 {0.06 0.01 6.34 0.81 1 7.2192800045 engnx03a.utdallas.edu 1701390364.75 1701390371.97 1 0.0509622097015 7.16390299797 0.00188803672791 0.00596618652344 0.000706195831299 7.13649606705 0.0 0.0 0.0 0.0 0.0 0.0 0.0 0.0}
replayTaskStats AND leakage_power__ACQ_1 {0.06 0.02 6.08 0.66 1 6.77543497086 engnx03a.utdallas.edu 1701390371.97 1701390378.75 1 0.0485200881958 6.72399902344 0.00222206115723 0.00448513031006 0.00208902359009 6.7030351162 0.0 0.0 0.0 0.0 0.0 0.0 0.0 0.0}
replayTaskStats AND Cin__VSS__lh__ACQ_1 {0.04 0.0 6.25 0.79 1 7.03990411758 engnx03a.utdallas.edu 1701390378.75 1701390385.79 1 0.0307958126068 7.00655698776 0.00217485427856 0.00429582595825 0.000675916671753 6.98843407631 0.0 0.0 0.0 0.0 0.0 0.0 0.0 0.0}
replayTaskStats AND Cin__VSS__hl__ACQ_1 {0.04 0.01 5.98 0.76 1 6.74860405922 engnx03a.utdallas.edu 1701390385.79 1701390392.54 1 0.0286149978638 6.71632814407 0.00258183479309 0.00473594665527 0.000775098800659 6.69658613205 0.0 0.0 0.0 0.0 0.0 0.0 0.0 0.0}
replayTaskStats AND Cin__VDD__lh__ACQ_1 {0.05 0.01 6.04 0.75 1 6.80813598633 engnx03a.utdallas.edu 1701390392.54 1701390399.35 1 0.0303130149841 6.77445602417 0.00198197364807 0.00418400764465 0.000651121139526 6.75570297241 0.0 0.0 0.0 0.0 0.0 0.0 0.0 0.0}
replayTaskStats AND Cin__VDD__hl__ACQ_1 {0.04 0.0 6.15 0.83 1 7.06916594505 engnx03a.utdallas.edu 1701390399.35 1701390406.42 1 0.0284729003906 7.03814005852 0.00199604034424 0.00398707389832 0.000649929046631 7.02050185204 0.0 0.0 0.0 0.0 0.0 0.0 0.0 0.0}
replayTaskStats AND modeling {0.15 0.01 0.0 0.0 1 0.17696595192 engnx03a.utdallas.edu 1701390422.52 1701390422.7 1}
