replayTaskStats NOR configure {0.11 0.0 0.0 0.0 1 0.128491163254 engnx03a.utdallas.edu 1701390777.12 1701390777.25 1}
replayTaskStats NOR delay__IN1__lh__OUT__hl__ACQ_1 {0.12 0.02 6.43 0.86 1 7.41504502296 engnx03a.utdallas.edu 1701390778.36 1701390785.78 1 0.0936651229858 7.31709599495 0.00300407409668 0.00801515579224 0.00121092796326 7.15603399277 0.0 0.0 0.0 0.0 0.0 0.0 0.0 0.0}
replayTaskStats NOR delay__IN1__hl__OUT__lh__ACQ_1 {0.07 0.01 6.6 0.76 1 7.39323210716 engnx03a.utdallas.edu 1701390785.78 1701390793.17 1 0.0468668937683 7.34342503548 0.00203800201416 0.00603008270264 0.000696897506714 7.31651592255 0.0 0.0 0.0 0.0 0.0 0.0 0.0 0.0}
replayTaskStats NOR delay__IN2__lh__OUT__hl__ACQ_1 {0.06 0.0 6.32 0.76 1 7.10317897797 engnx03a.utdallas.edu 1701390793.17 1701390800.28 1 0.0353498458862 7.06526684761 0.00213098526001 0.0059871673584 0.000679016113281 7.03979110718 0.0 0.0 0.0 0.0 0.0 0.0 0.0 0.0}
replayTaskStats NOR delay__IN2__hl__OUT__lh__ACQ_1 {0.06 0.01 6.39 0.72 1 7.15106487274 engnx03a.utdallas.edu 1701390800.28 1701390807.43 1 0.0460269451141 7.10231208801 0.00225591659546 0.00595688819885 0.00075888633728 7.07482218742 0.0 0.0 0.0 0.0 0.0 0.0 0.0 0.0}
replayTaskStats NOR leakage_power__ACQ_1 {0.07 0.0 6.18 0.75 1 6.96018099785 engnx03a.utdallas.edu 1701390807.43 1701390814.39 1 0.051903963089 6.904941082 0.00238084793091 0.00468015670776 0.00230097770691 6.88281488419 0.0 0.0 0.0 0.0 0.0 0.0 0.0 0.0}
replayTaskStats NOR Cin__VSS__lh__ACQ_1 {0.04 0.01 6.14 0.76 1 7.04638004303 engnx03a.utdallas.edu 1701390814.39 1701390821.44 1 0.0326781272888 7.01098608971 0.00233101844788 0.0291860103607 0.000760078430176 6.96590805054 0.0 0.0 0.0 0.0 0.0 0.0 0.0 0.0}
replayTaskStats NOR Cin__VSS__hl__ACQ_1 {0.05 0.01 6.32 0.84 1 7.18337392807 engnx03a.utdallas.edu 1701390821.44 1701390828.62 1 0.0422267913818 7.13585805893 0.00196504592896 0.00415110588074 0.000680923461914 7.11636805534 0.0 0.0 0.0 0.0 0.0 0.0 0.0 0.0}
replayTaskStats NOR Cin__VDD__lh__ACQ_1 {0.04 0.0 6.25 0.78 1 7.03257012367 engnx03a.utdallas.edu 1701390828.62 1701390835.65 1 0.0281848907471 7.00177001953 0.00199413299561 0.00662088394165 0.000668048858643 6.98124599457 0.0 0.0 0.0 0.0 0.0 0.0 0.0 0.0}
replayTaskStats NOR Cin__VDD__hl__ACQ_1 {0.04 0.01 6.18 0.72 1 6.96913695335 engnx03a.utdallas.edu 1701390835.65 1701390842.62 1 0.0303900241852 6.93543505669 0.00268816947937 0.00465321540833 0.000871896743774 6.91416096687 0.0 0.0 0.0 0.0 0.0 0.0 0.0 0.0}
replayTaskStats NOR modeling {0.16 0.01 0.0 0.0 1 0.189091920853 engnx03a.utdallas.edu 1701390857.64 1701390857.83 1}
